0.000000000000000e+00 3.067961575771282e-03
3.067961575771282e-03 6.135923151542565e-03
6.135923151542565e-03 9.203884727313847e-03
9.203884727313847e-03 1.227184630308513e-02
1.227184630308513e-02 1.533980787885641e-02
1.533980787885641e-02 1.840776945462769e-02
1.840776945462769e-02 2.147573103039898e-02
2.147573103039898e-02 2.454369260617026e-02
2.454369260617026e-02 2.761165418194154e-02
2.761165418194154e-02 3.067961575771282e-02
3.067961575771282e-02 3.374757733348410e-02
3.374757733348410e-02 3.681553890925539e-02
3.681553890925539e-02 3.988350048502667e-02
3.988350048502667e-02 4.295146206079795e-02
4.295146206079795e-02 4.601942363656923e-02
4.601942363656923e-02 4.908738521234052e-02
4.908738521234052e-02 5.522330836388308e-02
5.522330836388308e-02 6.135923151542565e-02
6.135923151542565e-02 6.749515466696820e-02
6.749515466696820e-02 7.363107781851078e-02
7.363107781851078e-02 7.669903939428206e-02
7.669903939428206e-02 7.976700097005335e-02
7.976700097005335e-02 8.283496254582462e-02
8.283496254582462e-02 8.590292412159591e-02
8.590292412159591e-02 8.897088569736719e-02
8.897088569736719e-02 9.203884727313846e-02
9.203884727313846e-02 9.510680884890975e-02
9.510680884890975e-02 9.817477042468103e-02
9.817477042468103e-02 1.012427320004523e-01
1.012427320004523e-01 1.043106935762236e-01
1.043106935762236e-01 1.073786551519949e-01
1.073786551519949e-01 1.104466167277662e-01
1.104466167277662e-01 1.135145783035375e-01
1.135145783035375e-01 1.165825398793087e-01
1.165825398793087e-01 1.196505014550800e-01
1.196505014550800e-01 1.227184630308513e-01
1.227184630308513e-01 1.257864246066226e-01
1.257864246066226e-01 1.288543861823939e-01
1.288543861823939e-01 1.319223477581651e-01
1.319223477581651e-01 1.349903093339364e-01
1.349903093339364e-01 1.380582709097077e-01
1.380582709097077e-01 1.411262324854790e-01
1.411262324854790e-01 1.441941940612503e-01
1.441941940612503e-01 1.472621556370216e-01
1.472621556370216e-01 1.503301172127928e-01
1.503301172127928e-01 1.533980787885641e-01
1.533980787885641e-01 1.564660403643354e-01
1.564660403643354e-01 1.595340019401067e-01
1.595340019401067e-01 1.626019635158780e-01
1.626019635158780e-01 1.656699250916492e-01
1.656699250916492e-01 1.687378866674205e-01
1.687378866674205e-01 1.718058482431918e-01
1.718058482431918e-01 1.748738098189631e-01
1.748738098189631e-01 1.779417713947344e-01
1.779417713947344e-01 1.840776945462769e-01
1.840776945462769e-01 1.902136176978195e-01
1.902136176978195e-01 1.963495408493621e-01
1.963495408493621e-01 1.994175024251333e-01
1.994175024251333e-01 2.024854640009046e-01
2.024854640009046e-01 2.055534255766759e-01
2.055534255766759e-01 2.086213871524472e-01
2.086213871524472e-01 2.116893487282185e-01
2.116893487282185e-01 2.147573103039898e-01
2.147573103039898e-01 2.178252718797610e-01
2.178252718797610e-01 2.208932334555323e-01
2.208932334555323e-01 2.239611950313036e-01
2.239611950313036e-01 2.270291566070749e-01
2.270291566070749e-01 2.300971181828462e-01
2.300971181828462e-01 2.331650797586174e-01
2.331650797586174e-01 2.362330413343887e-01
2.362330413343887e-01 2.393010029101600e-01
2.393010029101600e-01 2.423689644859313e-01
2.423689644859313e-01 2.454369260617026e-01
2.454369260617026e-01 2.485048876374739e-01
2.485048876374739e-01 2.515728492132452e-01
2.515728492132452e-01 2.546408107890165e-01
2.546408107890165e-01 2.577087723647877e-01
2.577087723647877e-01 2.607767339405590e-01
2.607767339405590e-01 2.638446955163303e-01
2.638446955163303e-01 2.669126570921015e-01
2.669126570921015e-01 2.699806186678728e-01
2.699806186678728e-01 2.730485802436441e-01
2.730485802436441e-01 2.761165418194154e-01
2.761165418194154e-01 2.791845033951866e-01
2.791845033951866e-01 2.822524649709580e-01
2.822524649709580e-01 2.853204265467293e-01
2.853204265467293e-01 2.883883881225006e-01
2.883883881225006e-01 2.914563496982718e-01
2.914563496982718e-01 2.945243112740431e-01
2.945243112740431e-01 2.975922728498144e-01
2.975922728498144e-01 3.006602344255856e-01
3.006602344255856e-01 3.067961575771282e-01
3.067961575771282e-01 3.129320807286708e-01
3.129320807286708e-01 3.190680038802134e-01
3.190680038802134e-01 3.252039270317559e-01
3.252039270317559e-01 3.313398501832985e-01
3.313398501832985e-01 3.344078117590698e-01
3.344078117590698e-01 3.374757733348410e-01
3.374757733348410e-01 3.405437349106123e-01
3.405437349106123e-01 3.436116964863836e-01
3.436116964863836e-01 3.466796580621549e-01
3.466796580621549e-01 3.497476196379262e-01
3.497476196379262e-01 3.528155812136975e-01
3.528155812136975e-01 3.558835427894688e-01
3.558835427894688e-01 3.589515043652400e-01
3.589515043652400e-01 3.620194659410113e-01
3.620194659410113e-01 3.650874275167826e-01
3.650874275167826e-01 3.681553890925539e-01
3.681553890925539e-01 3.712233506683251e-01
3.712233506683251e-01 3.742913122440964e-01
3.742913122440964e-01 3.773592738198677e-01
3.773592738198677e-01 3.804272353956390e-01
3.804272353956390e-01 3.834951969714103e-01
3.834951969714103e-01 3.865631585471816e-01
3.865631585471816e-01 3.896311201229529e-01
3.896311201229529e-01 3.926990816987241e-01
3.926990816987241e-01 3.957670432744954e-01
3.957670432744954e-01 3.988350048502667e-01
3.988350048502667e-01 4.019029664260380e-01
4.019029664260380e-01 4.049709280018093e-01
4.049709280018093e-01 4.080388895775806e-01
4.080388895775806e-01 4.111068511533519e-01
4.111068511533519e-01 4.141748127291232e-01
4.141748127291232e-01 4.172427743048944e-01
4.172427743048944e-01 4.203107358806657e-01
4.203107358806657e-01 4.233786974564370e-01
4.233786974564370e-01 4.264466590322082e-01
4.264466590322082e-01 4.295146206079795e-01
4.295146206079795e-01 4.356505437595221e-01
4.356505437595221e-01 4.417864669110647e-01
4.417864669110647e-01 4.479223900626073e-01
4.479223900626073e-01 4.540583132141498e-01
4.540583132141498e-01 4.601942363656923e-01
4.601942363656923e-01 4.663301595172349e-01
4.663301595172349e-01 4.693981210930062e-01
4.693981210930062e-01 4.724660826687774e-01
4.724660826687774e-01 4.755340442445487e-01
4.755340442445487e-01 4.786020058203200e-01
4.786020058203200e-01 4.816699673960914e-01
4.816699673960914e-01 4.847379289718626e-01
4.847379289718626e-01 4.878058905476339e-01
4.878058905476339e-01 4.908738521234052e-01
4.908738521234052e-01 4.939418136991764e-01
4.939418136991764e-01 4.970097752749478e-01
4.970097752749478e-01 5.000777368507191e-01
5.000777368507191e-01 5.031456984264904e-01
5.031456984264904e-01 5.062136600022616e-01
5.062136600022616e-01 5.092816215780329e-01
5.092816215780329e-01 5.123495831538042e-01
5.123495831538042e-01 5.154175447295755e-01
5.154175447295755e-01 5.184855063053467e-01
5.184855063053467e-01 5.215534678811180e-01
5.215534678811180e-01 5.246214294568893e-01
5.246214294568893e-01 5.276893910326605e-01
5.276893910326605e-01 5.307573526084318e-01
5.307573526084318e-01 5.338253141842031e-01
5.338253141842031e-01 5.368932757599744e-01
5.368932757599744e-01 5.399612373357456e-01
5.399612373357456e-01 5.430291989115169e-01
5.430291989115169e-01 5.460971604872882e-01
5.460971604872882e-01 5.491651220630595e-01
5.491651220630595e-01 5.522330836388307e-01
5.522330836388307e-01 5.553010452146020e-01
5.553010452146020e-01 5.583690067903733e-01
5.583690067903733e-01 5.614369683661447e-01
5.614369683661447e-01 5.645049299419159e-01
5.645049299419159e-01 5.706408530934586e-01
5.706408530934586e-01 5.767767762450011e-01
5.767767762450011e-01 5.829126993965437e-01
5.829126993965437e-01 5.890486225480862e-01
5.890486225480862e-01 5.951845456996288e-01
5.951845456996288e-01 6.013204688511713e-01
6.013204688511713e-01 6.074563920027138e-01
6.074563920027138e-01 6.135923151542565e-01
6.135923151542565e-01 6.197282383057992e-01
6.197282383057992e-01 6.227961998815704e-01
6.227961998815704e-01 6.258641614573417e-01
6.258641614573417e-01 6.289321230331130e-01
6.289321230331130e-01 6.320000846088842e-01
6.320000846088842e-01 6.350680461846555e-01
6.350680461846555e-01 6.381360077604268e-01
6.381360077604268e-01 6.412039693361981e-01
6.412039693361981e-01 6.442719309119693e-01
6.442719309119693e-01 6.473398924877406e-01
6.473398924877406e-01 6.504078540635119e-01
6.504078540635119e-01 6.534758156392831e-01
6.534758156392831e-01 6.565437772150544e-01
6.565437772150544e-01 6.596117387908257e-01
6.596117387908257e-01 6.626797003665970e-01
6.626797003665970e-01 6.657476619423682e-01
6.657476619423682e-01 6.688156235181395e-01
6.688156235181395e-01 6.718835850939108e-01
6.718835850939108e-01 6.749515466696820e-01
6.749515466696820e-01 6.780195082454533e-01
6.780195082454533e-01 6.810874698212246e-01
6.810874698212246e-01 6.841554313969960e-01
6.841554313969960e-01 6.872233929727672e-01
6.872233929727672e-01 6.902913545485385e-01
6.902913545485385e-01 6.933593161243099e-01
6.933593161243099e-01 6.964272777000812e-01
6.964272777000812e-01 6.994952392758524e-01
6.994952392758524e-01 7.025632008516237e-01
7.025632008516237e-01 7.056311624273950e-01
7.056311624273950e-01 7.117670855789375e-01
7.117670855789375e-01 7.179030087304801e-01
7.179030087304801e-01 7.240389318820226e-01
7.240389318820226e-01 7.301748550335652e-01
7.301748550335652e-01 7.363107781851077e-01
7.363107781851077e-01 7.424467013366502e-01
7.424467013366502e-01 7.485826244881928e-01
7.485826244881928e-01 7.547185476397353e-01
7.547185476397353e-01 7.608544707912780e-01
7.608544707912780e-01 7.669903939428206e-01
7.669903939428206e-01 7.731263170943632e-01
7.731263170943632e-01 7.792622402459057e-01
7.792622402459057e-01 7.853981633974483e-01
7.853981633974483e-01 7.915340865489908e-01
7.915340865489908e-01 7.976700097005334e-01
7.976700097005334e-01 8.038059328520759e-01
8.038059328520759e-01 8.099418560036186e-01
8.099418560036186e-01 8.160777791551612e-01
8.160777791551612e-01 8.222137023067038e-01
8.222137023067038e-01 8.283496254582463e-01
8.283496254582463e-01 8.344855486097889e-01
8.344855486097889e-01 8.406214717613314e-01
8.406214717613314e-01 8.467573949128739e-01
8.467573949128739e-01 8.528933180644165e-01
8.528933180644165e-01 8.590292412159590e-01
8.590292412159590e-01 8.651651643675016e-01
8.651651643675016e-01 8.713010875190441e-01
8.713010875190441e-01 8.774370106705867e-01
8.774370106705867e-01 8.835729338221293e-01
8.835729338221293e-01 8.897088569736720e-01
8.897088569736720e-01 8.958447801252145e-01
8.958447801252145e-01 9.019807032767571e-01
9.019807032767571e-01 9.081166264282996e-01
9.081166264282996e-01 9.142525495798421e-01
9.142525495798421e-01 9.203884727313847e-01
9.203884727313847e-01 9.326603190344698e-01
9.326603190344698e-01 9.387962421860123e-01
9.387962421860123e-01 9.449321653375549e-01
9.449321653375549e-01 9.510680884890974e-01
9.510680884890974e-01 9.572040116406401e-01
9.572040116406401e-01 9.633399347921827e-01
9.633399347921827e-01 9.694758579437253e-01
9.694758579437253e-01 9.756117810952678e-01
9.756117810952678e-01 9.817477042468103e-01
9.817477042468103e-01 9.878836273983529e-01
9.878836273983529e-01 9.940195505498955e-01
9.940195505498955e-01 1.000155473701438e+00
1.000155473701438e+00 1.006291396852981e+00
1.006291396852981e+00 1.012427320004523e+00
1.012427320004523e+00 1.018563243156066e+00
1.018563243156066e+00 1.024699166307608e+00
1.024699166307608e+00 1.030835089459151e+00
1.030835089459151e+00 1.036971012610693e+00
1.036971012610693e+00 1.043106935762236e+00
1.043106935762236e+00 1.049242858913779e+00
1.049242858913779e+00 1.055378782065321e+00
1.055378782065321e+00 1.061514705216864e+00
1.061514705216864e+00 1.067650628368406e+00
1.067650628368406e+00 1.073786551519949e+00
1.073786551519949e+00 1.079922474671491e+00
1.079922474671491e+00 1.086058397823034e+00
1.086058397823034e+00 1.092194320974576e+00
1.092194320974576e+00 1.098330244126119e+00
1.098330244126119e+00 1.104466167277661e+00
1.104466167277661e+00 1.116738013580747e+00
1.116738013580747e+00 1.129009859883832e+00
1.129009859883832e+00 1.141281706186917e+00
1.141281706186917e+00 1.153553552490002e+00
1.153553552490002e+00 1.165825398793087e+00
1.165825398793087e+00 1.171961321944630e+00
1.171961321944630e+00 1.178097245096172e+00
1.178097245096172e+00 1.184233168247715e+00
1.184233168247715e+00 1.190369091399258e+00
1.190369091399258e+00 1.196505014550800e+00
1.196505014550800e+00 1.202640937702343e+00
1.202640937702343e+00 1.208776860853885e+00
1.208776860853885e+00 1.214912784005428e+00
1.214912784005428e+00 1.221048707156970e+00
1.221048707156970e+00 1.227184630308513e+00
1.227184630308513e+00 1.233320553460056e+00
1.233320553460056e+00 1.239456476611598e+00
1.239456476611598e+00 1.245592399763141e+00
1.245592399763141e+00 1.251728322914683e+00
1.251728322914683e+00 1.257864246066226e+00
1.257864246066226e+00 1.264000169217768e+00
1.264000169217768e+00 1.270136092369311e+00
1.270136092369311e+00 1.276272015520854e+00
1.276272015520854e+00 1.282407938672396e+00
1.282407938672396e+00 1.288543861823939e+00
1.288543861823939e+00 1.300815708127024e+00
1.300815708127024e+00 1.313087554430109e+00
1.313087554430109e+00 1.325359400733194e+00
1.325359400733194e+00 1.337631247036279e+00
1.337631247036279e+00 1.349903093339364e+00
1.349903093339364e+00 1.362174939642449e+00
1.362174939642449e+00 1.374446785945534e+00
1.374446785945534e+00 1.386718632248620e+00
1.386718632248620e+00 1.398990478551705e+00
1.398990478551705e+00 1.423534171157875e+00
1.423534171157875e+00 1.435806017460960e+00
1.435806017460960e+00 1.448077863764045e+00
1.448077863764045e+00 1.460349710067130e+00
1.460349710067130e+00 1.472621556370215e+00
1.472621556370215e+00 1.484893402673300e+00
1.484893402673300e+00 1.497165248976386e+00
1.497165248976386e+00 1.509437095279471e+00
1.509437095279471e+00 1.521708941582556e+00
1.521708941582556e+00 1.533980787885641e+00
1.533980787885641e+00 1.546252634188726e+00
1.546252634188726e+00 1.558524480491811e+00
1.558524480491811e+00 1.570796326794897e+00
1.570796326794897e+00 1.583068173097982e+00
1.583068173097982e+00 1.595340019401067e+00
1.595340019401067e+00 1.607611865704152e+00
1.607611865704152e+00 1.619883712007237e+00
1.619883712007237e+00 1.632155558310322e+00
1.632155558310322e+00 1.644427404613408e+00
1.644427404613408e+00 1.656699250916493e+00
1.656699250916493e+00 1.668971097219578e+00
1.668971097219578e+00 1.681242943522663e+00
1.681242943522663e+00 1.693514789825748e+00
1.693514789825748e+00 1.705786636128833e+00
1.705786636128833e+00 1.718058482431918e+00
1.718058482431918e+00 1.742602175038088e+00
1.742602175038088e+00 1.754874021341173e+00
1.754874021341173e+00 1.767145867644259e+00
1.767145867644259e+00 1.779417713947344e+00
1.779417713947344e+00 1.791689560250429e+00
1.791689560250429e+00 1.803961406553514e+00
1.803961406553514e+00 1.816233252856599e+00
1.816233252856599e+00 1.828505099159684e+00
1.828505099159684e+00 1.840776945462769e+00
1.840776945462769e+00 1.853048791765854e+00
1.853048791765854e+00 1.859184714917397e+00
1.859184714917397e+00 1.865320638068940e+00
1.865320638068940e+00 1.871456561220482e+00
1.871456561220482e+00 1.877592484372025e+00
1.877592484372025e+00 1.883728407523567e+00
1.883728407523567e+00 1.889864330675110e+00
1.889864330675110e+00 1.896000253826652e+00
1.896000253826652e+00 1.902136176978195e+00
1.902136176978195e+00 1.908272100129738e+00
1.908272100129738e+00 1.914408023281280e+00
1.914408023281280e+00 1.920543946432823e+00
1.920543946432823e+00 1.926679869584365e+00
1.926679869584365e+00 1.932815792735908e+00
1.932815792735908e+00 1.938951715887451e+00
1.938951715887451e+00 1.945087639038993e+00
1.945087639038993e+00 1.951223562190536e+00
1.951223562190536e+00 1.957359485342078e+00
1.957359485342078e+00 1.963495408493621e+00
1.963495408493621e+00 1.969631331645163e+00
1.969631331645163e+00 1.975767254796706e+00
1.975767254796706e+00 1.988039101099791e+00
1.988039101099791e+00 2.000310947402876e+00
2.000310947402876e+00 2.012582793705961e+00
2.012582793705961e+00 2.024854640009047e+00
2.024854640009047e+00 2.037126486312132e+00
2.037126486312132e+00 2.043262409463674e+00
2.043262409463674e+00 2.049398332615217e+00
2.049398332615217e+00 2.055534255766760e+00
2.055534255766760e+00 2.061670178918302e+00
2.061670178918302e+00 2.067806102069844e+00
2.067806102069844e+00 2.073942025221387e+00
2.073942025221387e+00 2.080077948372930e+00
2.080077948372930e+00 2.086213871524472e+00
2.086213871524472e+00 2.092349794676014e+00
2.092349794676014e+00 2.098485717827557e+00
2.098485717827557e+00 2.104621640979100e+00
2.104621640979100e+00 2.110757564130642e+00
2.110757564130642e+00 2.116893487282185e+00
2.116893487282185e+00 2.123029410433727e+00
2.123029410433727e+00 2.129165333585270e+00
2.129165333585270e+00 2.135301256736812e+00
2.135301256736812e+00 2.141437179888355e+00
2.141437179888355e+00 2.147573103039897e+00
2.147573103039897e+00 2.153709026191440e+00
2.153709026191440e+00 2.159844949342983e+00
2.159844949342983e+00 2.165980872494525e+00
2.165980872494525e+00 2.172116795646068e+00
2.172116795646068e+00 2.178252718797610e+00
2.178252718797610e+00 2.184388641949153e+00
2.184388641949153e+00 2.190524565100695e+00
2.190524565100695e+00 2.196660488252238e+00
2.196660488252238e+00 2.202796411403781e+00
2.202796411403781e+00 2.208932334555323e+00
2.208932334555323e+00 2.221204180858408e+00
2.221204180858408e+00 2.227340104009951e+00
2.227340104009951e+00 2.233476027161493e+00
2.233476027161493e+00 2.239611950313036e+00
2.239611950313036e+00 2.245747873464579e+00
2.245747873464579e+00 2.251883796616121e+00
2.251883796616121e+00 2.258019719767664e+00
2.258019719767664e+00 2.264155642919206e+00
2.264155642919206e+00 2.270291566070749e+00
2.270291566070749e+00 2.276427489222292e+00
2.276427489222292e+00 2.282563412373834e+00
2.282563412373834e+00 2.288699335525377e+00
2.288699335525377e+00 2.294835258676919e+00
2.294835258676919e+00 2.300971181828462e+00
2.300971181828462e+00 2.307107104980004e+00
2.307107104980004e+00 2.313243028131547e+00
2.313243028131547e+00 2.319378951283090e+00
2.319378951283090e+00 2.325514874434632e+00
2.325514874434632e+00 2.331650797586175e+00
2.331650797586175e+00 2.337786720737717e+00
2.337786720737717e+00 2.343922643889260e+00
2.343922643889260e+00 2.350058567040803e+00
2.350058567040803e+00 2.356194490192345e+00
2.356194490192345e+00 2.362330413343887e+00
2.362330413343887e+00 2.368466336495430e+00
2.368466336495430e+00 2.374602259646973e+00
2.374602259646973e+00 2.380738182798515e+00
2.380738182798515e+00 2.386874105950057e+00
2.386874105950057e+00 2.393010029101600e+00
2.393010029101600e+00 2.399145952253143e+00
2.399145952253143e+00 2.405281875404685e+00
2.405281875404685e+00 2.411417798556228e+00
2.411417798556228e+00 2.417553721707770e+00
2.417553721707770e+00 2.423689644859313e+00
2.423689644859313e+00 2.429825568010855e+00
2.429825568010855e+00 2.435961491162398e+00
2.435961491162398e+00 2.439029452738169e+00
2.439029452738169e+00 2.442097414313941e+00
2.442097414313941e+00 2.445165375889712e+00
2.445165375889712e+00 2.448233337465483e+00
2.448233337465483e+00 2.451301299041255e+00
2.451301299041255e+00 2.454369260617026e+00
2.454369260617026e+00 2.457437222192797e+00
2.457437222192797e+00 2.460505183768569e+00
2.460505183768569e+00 2.463573145344340e+00
2.463573145344340e+00 2.466641106920111e+00
2.466641106920111e+00 2.469709068495883e+00
2.469709068495883e+00 2.472777030071654e+00
2.472777030071654e+00 2.475844991647425e+00
2.475844991647425e+00 2.478912953223197e+00
2.478912953223197e+00 2.481980914798968e+00
2.481980914798968e+00 2.485048876374739e+00
2.485048876374739e+00 2.488116837950511e+00
2.488116837950511e+00 2.491184799526282e+00
2.491184799526282e+00 2.494252761102053e+00
2.494252761102053e+00 2.497320722677824e+00
2.497320722677824e+00 2.500388684253596e+00
2.500388684253596e+00 2.503456645829367e+00
2.503456645829367e+00 2.506524607405138e+00
2.506524607405138e+00 2.509592568980909e+00
2.509592568980909e+00 2.512660530556681e+00
2.512660530556681e+00 2.515728492132452e+00
2.515728492132452e+00 2.518796453708223e+00
2.518796453708223e+00 2.521864415283995e+00
2.521864415283995e+00 2.528000338435537e+00
2.528000338435537e+00 2.534136261587079e+00
2.534136261587079e+00 2.540272184738622e+00
2.540272184738622e+00 2.546408107890165e+00
2.546408107890165e+00 2.552544031041707e+00
2.552544031041707e+00 2.558679954193249e+00
2.558679954193249e+00 2.564815877344792e+00
2.564815877344792e+00 2.570951800496335e+00
2.570951800496335e+00 2.577087723647877e+00
2.577087723647877e+00 2.580155685223648e+00
2.580155685223648e+00 2.583223646799420e+00
2.583223646799420e+00 2.586291608375191e+00
2.586291608375191e+00 2.589359569950962e+00
2.589359569950962e+00 2.592427531526734e+00
2.592427531526734e+00 2.595495493102505e+00
2.595495493102505e+00 2.598563454678276e+00
2.598563454678276e+00 2.601631416254047e+00
2.601631416254047e+00 2.604699377829819e+00
2.604699377829819e+00 2.607767339405590e+00
2.607767339405590e+00 2.610835300981361e+00
2.610835300981361e+00 2.613903262557133e+00
2.613903262557133e+00 2.616971224132904e+00
2.616971224132904e+00 2.620039185708675e+00
2.620039185708675e+00 2.623107147284446e+00
2.623107147284446e+00 2.626175108860218e+00
2.626175108860218e+00 2.629243070435989e+00
2.629243070435989e+00 2.632311032011760e+00
2.632311032011760e+00 2.635378993587532e+00
2.635378993587532e+00 2.638446955163303e+00
2.638446955163303e+00 2.641514916739074e+00
2.641514916739074e+00 2.644582878314846e+00
2.644582878314846e+00 2.647650839890617e+00
2.647650839890617e+00 2.650718801466388e+00
2.650718801466388e+00 2.653786763042159e+00
2.653786763042159e+00 2.656854724617930e+00
2.656854724617930e+00 2.659922686193702e+00
2.659922686193702e+00 2.662990647769473e+00
2.662990647769473e+00 2.666058609345244e+00
2.666058609345244e+00 2.669126570921016e+00
2.669126570921016e+00 2.672194532496787e+00
2.672194532496787e+00 2.675262494072558e+00
2.675262494072558e+00 2.681398417224100e+00
2.681398417224100e+00 2.687534340375643e+00
2.687534340375643e+00 2.693670263527186e+00
2.693670263527186e+00 2.699806186678728e+00
2.699806186678728e+00 2.705942109830271e+00
2.705942109830271e+00 2.712078032981813e+00
2.712078032981813e+00 2.715145994557584e+00
2.715145994557584e+00 2.718213956133356e+00
2.718213956133356e+00 2.721281917709127e+00
2.721281917709127e+00 2.724349879284898e+00
2.724349879284898e+00 2.727417840860670e+00
2.727417840860670e+00 2.730485802436441e+00
2.730485802436441e+00 2.733553764012212e+00
2.733553764012212e+00 2.736621725587984e+00
2.736621725587984e+00 2.739689687163755e+00
2.739689687163755e+00 2.742757648739526e+00
2.742757648739526e+00 2.745825610315298e+00
2.745825610315298e+00 2.748893571891069e+00
2.748893571891069e+00 2.751961533466840e+00
2.751961533466840e+00 2.755029495042612e+00
2.755029495042612e+00 2.758097456618383e+00
2.758097456618383e+00 2.761165418194154e+00
2.761165418194154e+00 2.764233379769926e+00
2.764233379769926e+00 2.767301341345697e+00
2.767301341345697e+00 2.770369302921468e+00
2.770369302921468e+00 2.773437264497240e+00
2.773437264497240e+00 2.776505226073011e+00
2.776505226073011e+00 2.779573187648782e+00
2.779573187648782e+00 2.782641149224554e+00
2.782641149224554e+00 2.785709110800325e+00
2.785709110800325e+00 2.788777072376096e+00
2.788777072376096e+00 2.791845033951867e+00
2.791845033951867e+00 2.794912995527639e+00
2.794912995527639e+00 2.797980957103410e+00
2.797980957103410e+00 2.801048918679181e+00
2.801048918679181e+00 2.804116880254952e+00
2.804116880254952e+00 2.807184841830724e+00
2.807184841830724e+00 2.810252803406495e+00
2.810252803406495e+00 2.816388726558038e+00
2.816388726558038e+00 2.822524649709580e+00
2.822524649709580e+00 2.828660572861122e+00
2.828660572861122e+00 2.834796496012665e+00
2.834796496012665e+00 2.840932419164208e+00
2.840932419164208e+00 2.844000380739979e+00
2.844000380739979e+00 2.847068342315750e+00
2.847068342315750e+00 2.850136303891521e+00
2.850136303891521e+00 2.853204265467292e+00
2.853204265467292e+00 2.856272227043064e+00
2.856272227043064e+00 2.859340188618835e+00
2.859340188618835e+00 2.862408150194606e+00
2.862408150194606e+00 2.865476111770378e+00
2.865476111770378e+00 2.868544073346149e+00
2.868544073346149e+00 2.871612034921920e+00
2.871612034921920e+00 2.874679996497691e+00
2.874679996497691e+00 2.877747958073463e+00
2.877747958073463e+00 2.880815919649234e+00
2.880815919649234e+00 2.883883881225005e+00
2.883883881225005e+00 2.886951842800777e+00
2.886951842800777e+00 2.890019804376548e+00
2.890019804376548e+00 2.893087765952319e+00
2.893087765952319e+00 2.896155727528090e+00
2.896155727528090e+00 2.899223689103862e+00
2.899223689103862e+00 2.902291650679633e+00
2.902291650679633e+00 2.905359612255404e+00
2.905359612255404e+00 2.908427573831176e+00
2.908427573831176e+00 2.911495535406947e+00
2.911495535406947e+00 2.914563496982718e+00
2.914563496982718e+00 2.917631458558489e+00
2.917631458558489e+00 2.920699420134261e+00
2.920699420134261e+00 2.923767381710032e+00
2.923767381710032e+00 2.926835343285803e+00
2.926835343285803e+00 2.929903304861575e+00
2.929903304861575e+00 2.932971266437346e+00
2.932971266437346e+00 2.936039228013117e+00
2.936039228013117e+00 2.939107189588889e+00
2.939107189588889e+00 2.942175151164660e+00
2.942175151164660e+00 2.945243112740431e+00
2.945243112740431e+00 2.951379035891973e+00
2.951379035891973e+00 2.957514959043516e+00
2.957514959043516e+00 2.963650882195059e+00
2.963650882195059e+00 2.966718843770830e+00
2.966718843770830e+00 2.969786805346601e+00
2.969786805346601e+00 2.972854766922372e+00
2.972854766922372e+00 2.975922728498143e+00
2.975922728498143e+00 2.978990690073915e+00
2.978990690073915e+00 2.982058651649686e+00
2.982058651649686e+00 2.985126613225457e+00
2.985126613225457e+00 2.988194574801229e+00
2.988194574801229e+00 2.991262536377000e+00
2.991262536377000e+00 2.994330497952771e+00
2.994330497952771e+00 2.997398459528542e+00
2.997398459528542e+00 3.000466421104313e+00
3.000466421104313e+00 3.003534382680085e+00
3.003534382680085e+00 3.006602344255856e+00
3.006602344255856e+00 3.009670305831627e+00
3.009670305831627e+00 3.012738267407399e+00
3.012738267407399e+00 3.015806228983170e+00
3.015806228983170e+00 3.018874190558941e+00
3.018874190558941e+00 3.021942152134713e+00
3.021942152134713e+00 3.025010113710484e+00
3.025010113710484e+00 3.028078075286255e+00
3.028078075286255e+00 3.031146036862027e+00
3.031146036862027e+00 3.034213998437798e+00
3.034213998437798e+00 3.037281960013569e+00
3.037281960013569e+00 3.040349921589341e+00
3.040349921589341e+00 3.043417883165112e+00
3.043417883165112e+00 3.046485844740883e+00
3.046485844740883e+00 3.049553806316655e+00
3.049553806316655e+00 3.052621767892426e+00
3.052621767892426e+00 3.055689729468197e+00
3.055689729468197e+00 3.058757691043969e+00
3.058757691043969e+00 3.061825652619740e+00
3.061825652619740e+00 3.064893614195511e+00
3.064893614195511e+00 3.067961575771283e+00
3.067961575771283e+00 3.074097498922825e+00
3.074097498922825e+00 3.080233422074368e+00
3.080233422074368e+00 3.086369345225910e+00
3.086369345225910e+00 3.092505268377453e+00
3.092505268377453e+00 3.095573229953224e+00
3.095573229953224e+00 3.098641191528995e+00
3.098641191528995e+00 3.101709153104767e+00
3.101709153104767e+00 3.104777114680538e+00
3.104777114680538e+00 3.107845076256309e+00
3.107845076256309e+00 3.110913037832081e+00
3.110913037832081e+00 3.113980999407852e+00
3.113980999407852e+00 3.117048960983623e+00
3.117048960983623e+00 3.120116922559394e+00
3.120116922559394e+00 3.123184884135165e+00
3.123184884135165e+00 3.126252845710937e+00
3.126252845710937e+00 3.129320807286708e+00
3.129320807286708e+00 3.132388768862479e+00
3.132388768862479e+00 3.135456730438251e+00
3.135456730438251e+00 3.138524692014022e+00
3.138524692014022e+00 3.141592653589793e+00
